46.2 0.0
229.3 0.1
0.0 0.0
0.0 0.0
0.0 0.0
0.0 0.0
7.5 0.0
0.0 0.0
0.0 0.0
0.0 0.0
0.0 0.0
247.4 0.0
1.5 0.0
0.0 0.0
0.0 0.0
0.0 0.0
0.0 0.0
0.0 0.0
0.0 0.0
0.0 0.0
0.0 0.0
0.0 0.0
0.0 0.0
0.0 0.0
0.0 0.0
0.0 0.0
0.0 0.0
0.0 0.0
0.0 0.0
0.0 0.0
238.3 0.0
0.0 0.0
0.0 0.0
0.0 0.0
0.0 0.0
0.0 0.0
0.0 0.0
0.0 0.0
0.0 0.0
0.0 0.0
0.0 0.0
23.2 0.0
0.0 0.0
7988.0 0.0
7732.0 0.0
620.0 0.0
0.0 0.0
0.0 0.0
0.0 0.0
0.0 0.0
0.0 0.0
0.0 0.0
282.3 0.0
283.0 0.0
0.0 0.0
285.7 0.0
7988.1 0.0
0.0 0.0
0.0 0.0
10683.7 0.0
9659.8 0.0
9268.0 0.0
0.0 0.0
11195.7 0.0
10683.7 0.0
10683.7 0.0
10683.7 0.0
521.7 0.0
0.0 0.0
0.0 0.0
0.0 0.0
0.0 0.0
0.0 0.0
0.0 0.0
0.0 0.0
0.0 0.0
0.0 0.0
0.0 0.0
0.0 0.0
0.0 0.0
58.5 0.0
704.9 0.0
0.0 0.0
9341.1 0.0
511.0 0.0
0.0 0.0
0.0 0.0
0.0 0.0
0.0 0.0
0.0 0.0
9329.0 0.0
777.5 0.0
7667.7 0.0
0.0 0.0
0.0 0.0
0.0 0.0
0.0 0.0
0.0 0.0
0.0 0.0
0.0 0.0
0.0 0.0
0.0 0.0
2.6 0.0
0.0 0.0
0.0 0.0
0.0 0.0
0.0 0.0
0.0 0.0
0.0 0.0
0.0 0.0
0.0 0.0
628.9 0.0
199.4 0.0
0.0 0.0
0.0 0.0
0.0 0.0
0.0 0.0
0.0 0.0
195.0 0.0
0.0 0.0
0.0 0.0
0.0 0.0
0.0 0.0
1.6 0.0
0.0 0.0
9.2 0.0
0.0 0.0
242.6 0.0
0.0 0.0
7383.7 0.0
8237.4 0.0
0.0 0.0
0.0 0.0
0.0 3.2
0.0 0.0
0.0 0.0
891.8 0.0
0.0 0.0
592.4 0.0
627.2 0.0
0.0 0.0
635.9 0.0
0.0 0.0
0.0 0.0
562.3 0.0
0.0 0.0
0.0 0.0
0.0 0.0
0.0 0.0
0.0 0.0
0.0 0.0
0.0 0.0
0.0 0.0
0.0 0.0
0.0 0.0
0.0 0.0
0.0 0.0
0.0 0.0
0.0 0.0
0.0 0.0
0.0 0.0
0.0 0.0
0.0 0.0
0.0 0.0
0.0 0.0
0.0 0.0
0.0 0.0
0.0 0.0
0.0 0.0
0.0 0.0
0.0 0.0
0.0 0.0
0.0 0.0
0.0 0.0
0.0 504.4
0.0 0.0
0.0 0.0
0.0 0.0
0.0 0.0
0.0 0.0
0.0 0.0
0.0 0.0
0.0 0.0
0.0 0.0
0.0 0.0
0.0 0.0
0.0 0.0
0.0 0.0
0.0 0.0
0.0 0.0
0.0 0.0
0.0 0.0
0.0 0.0
0.0 0.0
0.0 0.0
0.0 0.0
0.0 0.0
0.0 0.0
0.0 0.0
0.0 0.0
0.0 0.0
0.0 0.0
0.0 0.0
0.0 0.0
0.0 0.0
0.0 0.0
0.0 0.0
0.0 0.0
0.0 0.0
0.0 0.0
0.0 0.0
0.0 0.0
0.0 0.0
0.0 0.0
0.0 0.0
0.0 0.0
0.0 0.0
0.0 0.0
0.0 0.0
0.0 0.0
0.0 0.0
0.0 0.0
0.0 0.0
8325.2 0.0
0.0 0.0
0.0 0.0
0.0 0.0
1026.3 0.0
517.1 0.0
0.0 0.0
0.0 0.0
0.0 0.0
0.0 0.0
0.0 0.0
0.0 0.0
0.0 0.0
0.0 0.0
10759.7 0.0
0.0 0.0
0.0 4.5
0.0 0.0
0.0 0.0
0.0 0.0
0.0 0.0
10759.7 0.0
291.2 0.0
0.0 0.0
0.0 0.0
0.0 0.0
0.0 0.0
0.0 0.0
0.0 0.0
0.0 0.0
0.0 0.0
0.0 0.0
0.0 0.0
0.0 0.0
0.0 0.0
0.0 0.0
0.0 0.0
0.0 0.0
0.0 51.3
0.0 3.2
549.3 0.0
0.0 0.0
0.0 0.0
0.0 0.0
0.0 0.0
0.0 0.0
0.0 0.0
0.0 0.0
0.0 0.0
0.0 0.0
0.0 0.0
0.0 0.0
556.6 0.0
547.3 0.0
0.0 0.0
0.0 0.0
0.0 0.0
0.0 0.0
0.0 0.0
0.0 0.0
0.0 0.0
0.0 0.0
0.0 0.0
0.0 0.0
0.0 0.0
0.0 0.0
0.0 0.0
0.0 0.0
0.0 0.0
0.0 0.0
0.0 0.0
0.0 0.0
0.0 0.0
0.0 0.0
0.0 0.0
0.0 0.0
0.0 0.0
0.0 0.0
0.0 0.0
0.0 0.0
0.0 0.0
0.0 0.0
0.0 0.0
0.0 0.0
0.0 0.0
0.0 0.0
0.0 0.0
0.0 0.0
0.0 0.0
0.0 0.0
0.0 0.0
0.0 0.0
0.0 0.0
0.0 0.0
0.0 0.0
0.0 0.0
0.0 0.0
0.0 0.0
0.0 0.0
0.0 0.0
0.0 0.0
0.0 0.0
0.0 0.0
0.0 261.1
0.0 261.8
0.0 403.7
0.0 405.1
8905.9 0.0
0.0 0.0
0.0 0.0
274.5 0.0
0.0 0.0
0.0 0.0
0.0 0.0
10611.6 0.0
0.0 0.0
11123.6 0.0
727.5 0.0
10698.0 0.0
10867.6 0.0
10918.7 0.0
10918.7 0.0
10918.7 0.0
10697.9 0.0
10880.3 0.0
0.0 0.0
11334.8 0.0
0.0 0.0
10827.3 0.0
45.9 0.0
0.0 0.0
0.0 0.0
0.0 0.0
0.0 0.0
0.0 0.0
0.0 0.0
0.0 0.0
0.0 0.0
0.0 0.0
35.1 0.0
1005.2 0.0
0.0 0.0
0.0 0.0
0.0 0.0
0.0 0.0
0.0 0.0
0.0 0.0
0.0 0.0
0.0 0.0
0.0 0.0
0.0 0.0
0.0 0.0
0.0 0.0
0.0 0.0
0.0 0.0
0.0 0.0
0.0 0.0
0.0 0.0
0.0 0.0
0.0 0.0
0.0 0.0
0.0 0.0
0.0 0.0
0.0 0.0
0.0 0.0
0.0 0.0
0.0 0.0
0.0 0.0
0.0 0.0
0.0 3939.6
3776.3 0.0
0.0 0.0
0.0 0.0
10742.9 0.0
0.0 0.0
0.0 0.0
0.0 0.0
0.0 0.0
0.0 0.0
0.0 0.0
0.0 0.0
0.0 0.0
0.0 0.0
0.0 0.0
0.0 0.0
0.0 0.0
0.0 0.0
0.0 0.0
0.0 0.0
3.9 0.0
0.0 0.0
0.0 0.0
312.0 0.0
0.0 0.0
14.2 0.0
0.0 0.0
0.0 0.0
0.0 0.0
0.3 0.0
0.0 0.0
45.1 0.0
0.0 0.0
0.0 0.0
0.0 0.0
0.0 0.0
0.0 0.0
0.0 0.0
0.0 0.0
0.0 0.0
0.0 0.0
0.0 0.0
0.0 0.0
0.0 0.0
0.0 0.0
1.9 0.0
0.0 0.0
0.0 0.0
0.0 0.0
0.0 0.0
0.0 0.0
0.0 0.0
0.0 0.0
0.0 0.0
0.0 0.0
0.0 0.0
0.0 0.0
0.0 0.0
0.0 0.0
0.0 0.0
0.0 0.0
0.0 0.0
0.0 0.0
0.0 0.0
0.0 0.0
0.0 0.0
0.0 0.0
0.0 0.0
0.0 0.0
0.0 0.0
0.0 0.0
0.0 0.0
816.5 0.0
0.0 0.0
0.0 0.0
4.9 0.0
0.0 0.0
0.0 0.0
0.0 0.0
0.0 0.0
0.0 0.0
0.0 0.0
0.0 0.0
0.0 0.0
0.0 0.0
0.0 0.0
0.0 0.0
0.0 0.0
0.0 0.0
0.0 0.0
0.0 0.0
1913.1 0.0
23.0 0.0
0.0 0.0
0.0 0.0
0.0 0.0
0.0 0.0
0.0 0.0
0.0 0.0
1421.7 0.0
0.0 0.0
0.0 0.0
0.0 0.0
0.0 0.0
0.0 0.0
0.0 0.0
0.0 0.0
0.0 0.0
0.0 0.0
0.0 0.0
0.0 0.0
0.0 0.0
0.0 0.0
0.0 0.0
0.0 0.0
0.0 0.0
0.0 0.0
0.0 0.0
3164.6 0.0
0.0 0.0
0.0 0.0
204.3 0.0
0.0 0.0
0.0 0.0
0.0 0.0
0.0 0.0
0.0 0.0
0.0 0.0
0.0 0.0
0.0 0.0
0.0 0.0
0.0 0.0
1869.2 0.0
4.2 0.0
0.0 0.0
0.0 0.0
0.0 0.0
2975.1 0.0
0.0 0.0
0.0 0.0
0.0 0.0
0.0 0.0
0.0 0.0
0.0 0.0
0.0 0.0
0.0 0.0
0.0 0.0
0.0 0.0
0.0 0.0
10721.3 0.0
0.0 0.0
2476.3 0.0
0.0 0.0
0.0 0.0
0.0 0.0
0.0 0.0
0.0 0.0
0.0 0.0
0.0 0.0
0.0 0.0
0.0 0.0
0.0 0.0
0.0 0.0
0.0 0.0
0.0 0.0
2360.0 0.0
0.0 0.0
0.0 0.0
0.0 0.0
1323.8 0.0
0.0 0.0
0.0 0.0
0.0 0.0
0.0 0.0
0.0 0.0
639.0 0.0
0.0 0.0
0.0 0.0
0.0 0.0
0.0 0.0
0.0 0.0
0.0 0.0
0.0 0.0
0.0 0.0
0.0 0.0
0.0 0.0
9119.1 0.0
10737.9 0.0
9887.1 0.0
0.0 0.0
0.0 4.0
0.0 0.0
0.0 0.0
0.0 0.0
9887.1 0.0
0.0 0.0
0.0 0.0
0.0 0.0
813.0 0.0
0.0 0.0
11761.9 0.0
0.0 0.0
0.0 0.0
0.0 0.0
8006.1 9.5
10457.4 8.2
0.0 0.0
827.1 0.0
0.0 0.0
0.0 0.0
0.0 0.0
0.0 0.0
0.0 0.0
0.0 0.0
0.0 0.0
0.0 0.0
0.0 0.0
0.0 0.0
0.0 0.0
0.0 0.0
0.0 0.0
0.0 0.0
0.0 0.0
0.0 0.0
0.0 0.0
0.0 0.0
0.0 0.0
0.0 0.0
7932.8 0.0
0.0 0.0
0.0 0.0
0.0 4.3
282.1 0.0
0.0 0.0
0.0 0.0
0.0 0.0
574.4 0.0
277.3 0.0
0.0 0.0
0.0 0.0
0.0 0.0
603.9 0.0
0.0 0.0
0.0 0.0
0.0 0.0
0.0 0.0
0.0 0.0
0.0 0.0
0.0 0.0
0.0 0.0
1006.2 0.0
799.2 0.0
9716.0 0.0
0.0 0.0
0.0 8.2
421.3 0.0
0.0 9.3
756.5 0.0
1028.6 0.0
0.0 0.0
0.0 0.0
0.0 0.0
0.0 0.0
0.0 0.0
276.4 0.0
0.0 0.0
0.0 0.0
0.0 0.0
0.0 0.0
0.0 0.0
0.0 0.0
0.0 0.0
0.0 0.0
0.0 0.0
0.0 0.0
0.0 0.3
0.0 0.0
0.0 0.0
0.0 0.0
0.0 0.0
0.0 0.0
0.0 0.0
0.0 0.0
0.0 0.0
0.0 0.0
0.0 0.0
0.0 0.0
0.0 0.0
0.0 0.0
0.0 0.0
0.0 0.0
0.0 0.0
0.0 0.0
12076.0 286.6
0.0 0.0
0.0 168.4
10403.1 174.7
11228.5 268.9
0.0 120.7
0.0 0.0
0.0 0.0
14005.2 0.0
11521.1 0.0
0.0 0.0
0.0 0.0
0.0 0.0
10206.9 288.5
0.0 0.0
0.0 0.0
0.0 0.0
11052.7 62.8
12106.3 128.2
0.0 0.0
0.0 0.0
0.0 0.0
0.0 0.0
0.0 0.0
0.0 0.0
10936.0 0.0
0.0 0.0
0.0 0.0
0.0 0.0
0.0 0.0
0.0 0.0
0.0 0.0
0.0 0.0
0.0 0.0
0.0 0.0
10643.4 229.9
0.0 0.0
0.0 0.0
0.0 0.0
10028.1 0.0
0.0 0.0
0.0 0.0
0.0 137.1
716.7 0.0
0.0 0.0
0.0 0.0
0.0 0.0
0.0 0.0
0.0 0.0
0.0 0.0
0.0 0.0
0.0 0.0
9204.1 0.0
0.0 0.0
0.0 0.0
946.8 0.0
7772.3 0.0
7479.6 0.0
0.0 0.0
615.2 0.0
0.0 0.0
0.0 0.0
0.0 0.0
0.0 0.0
0.0 0.0
10513.3 76.3
12106.3 0.0
0.0 0.0
415.4 0.0
244.4 0.0
241.7 0.0
0.0 0.0
0.0 0.0
0.0 0.0
746.7 0.0
0.0 0.0
0.0 0.0
6815.6 0.0
11210.5 0.0
1026.7 0.0
0.0 0.0
0.0 0.0
0.0 0.0
0.0 0.0
2224.1 8.0
801.6 0.0
852.3 0.0
0.0 0.0
0.0 0.0
408.5 0.0
0.0 0.0
662.5 0.0
0.0 0.0
0.0 0.0
0.0 0.0
771.0 0.0
279.7 0.0
0.0 0.0
0.0 0.0
0.0 0.0
786.4 0.0
10827.9 0.0
0.0 0.0
1049.2 0.0
0.0 0.0
0.0 0.0
0.0 0.0
621.7 0.0
0.0 0.0
1023.2 0.0
776.1 0.0
1015.5 0.0
1013.9 0.0
0.0 0.0
0.0 0.0
844.0 0.0
0.0 0.0
0.0 0.0
0.0 0.0
8087.7 0.0
0.0 0.0
0.0 0.0
0.0 0.0
0.0 0.0
0.0 0.0
0.0 0.0
1310.9 0.0
0.0 0.0
0.0 469.0
10874.5 0.0
0.0 0.0
0.0 0.0
1022.1 710.5
1022.8 9.7
982.3 9.8
0.0 0.0
1001.9 108.0
0.0 0.0
9722.6 0.0
0.0 202.8
7960.4 0.0
0.0 0.0
7960.4 0.0
0.0 0.0
0.0 0.0
650.9 0.0
693.7 0.0
0.0 0.0
12853.4 0.0
7667.8 0.0
0.0 0.0
0.0 0.0
2976.7 0.0
0.0 0.0
0.0 0.0
0.0 0.0
0.0 0.0
0.0 0.0
0.0 0.0
4.5 0.0
0.0 0.0
0.0 0.0
0.0 0.0
0.0 0.0
0.0 0.0
7676.9 0.0
7932.8 0.0
281.4 0.0
290.9 0.0
0.0 0.0
0.0 0.0
0.0 0.0
0.0 0.0
0.0 0.0
0.0 0.0
0.0 0.0
0.0 0.0
0.0 261.0
0.0 0.0
0.0 0.0
0.0 0.0
0.0 0.0
281.0 0.0
0.0 0.0
0.0 0.0
339.3 0.0
334.2 0.0
627.6 0.0
0.0 3.1
0.0 0.0
0.0 0.0
0.0 0.0
0.0 0.0
0.0 0.0
0.0 0.0
0.0 0.0
0.0 0.0
0.0 0.0
0.0 0.0
0.0 266.8
0.0 0.0
0.0 0.0
0.0 0.0
0.0 261.7
0.0 0.0
0.0 0.0
0.0 0.0
0.0 0.0
0.0 0.0
0.0 259.9
0.0 0.0
8003.4 0.0
9795.4 0.0
0.0 0.0
0.0 0.0
10819.5 0.0
10819.5 0.0
10819.5 0.0
595.1 0.0
0.0 0.0
918.3 0.0
1357.4 0.0
0.0 0.0
24.1 0.0
0.0 0.0
0.0 0.0
7988.5 0.0
0.0 0.0
0.0 0.0
0.0 0.0
1320.2 0.0
0.0 0.3
0.0 0.0
0.0 0.0
0.0 0.0
0.0 0.0
0.0 0.0
0.0 0.0
0.0 0.0
183.5 0.0
0.0 0.0
0.0 0.0
0.0 0.0
151.5 0.0
0.0 0.0
0.0 0.0
0.0 0.0
0.0 0.0
0.0 0.0
45.3 0.0
0.0 0.0
0.0 0.0
0.0 0.0
345.3 0.0
0.0 0.0
0.0 0.0
0.0 0.0
0.0 0.0
0.0 0.0
0.0 0.0
0.0 0.0
0.0 0.0
0.0 0.0
0.0 0.0
0.0 0.0
0.0 0.0
0.0 0.0
0.0 0.0
0.0 0.0
0.0 0.0
0.0 0.0
0.0 0.0
0.0 0.0
0.0 0.0
0.0 0.0
0.0 0.0
0.0 0.0
0.0 0.0
0.0 240.0
0.0 0.0
0.0 0.0
0.0 0.0
0.0 0.0
0.0 0.0
209.1 0.0
0.0 0.0
0.0 0.0
0.0 0.0
0.0 0.0
0.0 0.0
0.0 0.0
0.0 0.0
0.0 0.0
0.0 0.0
0.0 0.0
47.0 0.0
0.0 0.0
0.0 0.0
0.0 0.0
0.0 0.9
0.0 0.0
0.0 0.0
0.0 0.0
0.0 0.0
0.0 0.0
0.0 0.0
0.0 0.0
0.0 0.0
0.1 0.0
0.0 0.0
0.0 0.0
0.0 0.0
0.0 0.0
0.0 0.0
0.0 0.0
0.0 0.0
0.0 0.0
0.0 0.0
0.0 0.0
0.0 0.0
3.3 0.0
0.0 0.0
0.0 0.0
209.4 0.0
0.0 0.0
0.0 0.2
0.0 0.0
0.0 0.0
0.0 0.0
0.0 0.0
0.2 0.0
0.6 0.0
0.0 0.0
0.0 0.0
0.0 0.0
0.0 0.0
0.0 0.0
0.0 0.0
0.0 0.0
0.0 0.0
0.0 0.3
0.0 0.0
0.0 0.0
0.0 0.0
0.0 0.0
0.0 0.0
0.0 0.0
0.0 0.0
26.7 0.0
23.3 0.0
0.0 0.0
0.0 0.0
44.8 0.0
0.0 0.0
0.0 0.0
0.0 0.0
1320.5 0.0
0.0 0.0
0.0 0.0
0.0 0.0
0.0 0.0
0.0 0.0
0.0 0.0
0.0 0.0
717.7 0.0
0.0 0.0
0.0 0.0
0.0 0.0
0.0 0.0
0.0 0.0
0.0 0.0
0.0 0.0
0.0 0.0
0.0 0.0
0.0 0.0
0.0 0.0
0.0 0.0
0.0 0.0
0.0 0.0
0.0 0.0
0.0 0.0
0.0 0.0
0.0 0.0
0.0 0.0
344.5 0.0
0.0 0.0
0.0 0.0
0.0 0.0
0.0 0.0
0.0 0.0
0.0 0.0
0.0 0.3
0.0 0.0
0.0 0.0
0.0 0.0
23.2 0.0
26.2 0.0
1001.4 0.0
0.0 0.0
0.0 0.0
0.0 0.0
0.0 0.0
0.0 0.0
0.0 0.0
0.0 0.0
0.0 0.0
0.0 0.0
0.0 0.0
0.3 0.0
0.0 0.0
0.0 0.0
1118.3 0.0
0.0 0.0
0.0 0.0
0.0 0.0
0.0 0.0
0.0 0.0
0.0 0.0
0.0 0.0
0.0 0.0
0.0 0.0
0.0 0.0
0.0 0.0
0.0 0.0
0.0 0.0
0.0 0.0
0.0 0.0
0.0 0.0
0.0 0.0
0.0 0.0
0.6 0.0
0.0 0.0
0.0 0.0
0.0 0.0
0.0 0.0
0.0 0.0
0.0 0.0
0.0 0.0
0.0 0.0
0.0 0.0
0.0 0.0
0.0 0.0
57.8 0.0
0.0 0.0
0.0 0.0
0.0 0.0
0.0 0.0
0.0 0.0
0.0 0.0
0.0 0.0
0.0 0.0
0.0 0.0
0.0 0.0
0.0 0.0
0.0 0.0
0.0 0.0
0.0 0.0
0.0 0.2
0.0 0.0
0.0 0.0
0.0 0.0
0.0 0.0
0.0 0.0
0.0 0.0
0.0 0.0
0.0 0.0
0.0 0.0
0.0 0.0
0.0 0.0
0.0 0.0
0.0 0.0
0.0 0.0
0.0 0.0
0.0 0.0
0.0 0.0
0.0 0.0
0.0 0.0
0.0 0.0
0.0 0.0
0.0 0.0
0.0 0.0
0.0 0.0
0.0 0.0
0.0 0.0
0.0 0.0
0.0 0.0
0.0 0.0
0.0 0.0
0.0 0.0
0.0 0.0
0.0 0.0
0.0 0.0
0.0 0.0
0.0 0.0
0.0 0.0
0.0 0.0
0.0 0.0
0.0 0.0
0.0 0.0
0.0 0.0
0.0 0.0
0.0 0.0
0.0 0.0
0.0 0.0
0.0 0.0
23.0 0.0
0.0 0.0
0.0 0.0
0.0 0.0
0.0 0.0
595.6 0.0
0.0 0.0
0.0 0.0
0.0 0.0
0.0 0.0
0.0 0.0
0.0 0.0
0.0 0.0
0.0 0.0
0.0 0.0
0.0 0.0
0.0 0.0
0.0 0.0
0.0 0.0
0.0 0.0
0.0 0.0
0.0 0.0
0.0 0.0
0.0 0.0
0.0 0.0
0.0 0.0
12.4 0.0
0.0 0.0
0.0 0.0
0.0 0.0
0.0 0.0
0.0 0.0
0.0 0.0
0.0 0.0
0.0 0.0
0.0 0.2
0.0 0.0
0.0 0.0
0.0 0.0
0.0 0.0
0.0 0.0
0.0 0.0
0.0 0.0
0.0 0.0
0.0 0.0
0.0 0.0
511.1 0.0
0.0 0.0
0.0 0.0
0.0 0.0
0.0 0.0
0.0 0.0
0.0 0.0
0.0 0.0
0.0 0.0
27.0 0.0
0.0 0.0
0.0 0.0
0.0 0.0
0.0 0.0
0.0 0.0
40.4 0.0
0.0 0.0
0.0 0.0
0.0 0.0
0.0 0.0
0.0 0.0
0.0 0.0
0.0 0.0
0.0 0.0
0.0 0.0
0.0 0.0
0.0 0.0
0.0 0.0
80.9 0.0
121.5 0.0
0.0 0.0
0.0 0.0
0.0 0.0
0.0 0.0
1003.6 0.0
10.2 10.3
0.0 0.0
0.0 0.0
0.0 0.0
0.0 0.0
131.1 0.0
138.6 0.0
0.0 0.0
0.0 0.0
0.0 0.0
0.0 0.0
0.0 0.0
45.8 339.9
34.5 0.0
0.0 343.1
0.0 374.5
0.0 0.0
0.0 0.0
0.0 0.0
0.0 0.0
0.0 0.0
0.0 0.0
0.0 0.0
0.0 0.0
0.0 0.0
0.0 0.1
0.0 0.0
0.0 0.0
0.0 0.0
0.0 0.0
0.0 0.0
0.0 0.0
1020.1 0.0
25540.5 0.0
1171.7 0.0
1201.9 0.0
0.0 0.0
0.0 0.0
0.0 0.0
0.0 0.0
0.0 0.0
0.0 0.0
20.6 0.0
108.1 0.0
33.0 0.0
34.2 0.0
0.0 0.0
0.0 0.0
0.0 0.0
0.0 0.0
0.0 0.0
0.0 0.0
0.0 0.0
10941.3 0.0
16212.4 0.0
0.0 0.0
0.0 0.0
20761.4 0.0
15869.3 0.0
15789.6 0.0
15829.6 0.0
15792.2 0.0
11850.2 0.0
0.0 0.0
0.0 0.0
15978.7 0.0
15560.6 0.0
0.0 0.0
816.7 0.0
16564.8 0.0
402.9 0.0
1713.9 0.0
0.0 0.0
17593.5 0.0
63.4 0.0
0.0 0.0
31.1 0.0
270.9 0.0
0.0 0.0
752.0 0.0
0.0 0.0
0.0 0.0
1247.0 0.0
803.5 0.0
0.0 81.4
0.0 0.0
0.0 0.0
0.0 0.0
22441.1 0.0
6741.7 0.0
1131.2 0.0
1032.4 0.0
467.7 0.0
1256.0 0.0
997.6 0.0
198.9 0.0
1327.6 0.0
1041.7 0.0
915.7 0.0
0.0 0.0
1270.7 0.0
201.5 0.0
266.2 0.0
0.0 0.0
0.0 0.0
0.0 0.0
199.3 0.0
0.0 0.0
47.9 0.0
0.0 0.0
571.2 0.0
1015.7 0.0
78.3 0.0
0.0 0.0
693.4 0.0
0.0 0.0
0.0 0.0
0.0 0.0
23047.2 296.9
230.1 0.0
0.0 0.0
342.4 0.0
0.0 0.0
0.0 0.0
0.0 0.0
0.0 0.0
0.0 0.0
0.0 0.0
0.0 0.0
0.0 0.0
0.0 0.0
0.0 0.0
0.0 0.0
0.0 0.0
0.0 0.0
0.0 0.0
0.0 0.0
1368.8 0.0
0.0 0.0
0.0 0.0
0.0 0.0
0.0 0.0
327.2 0.0
0.0 0.0
0.0 0.0
0.0 0.0
0.0 0.0
0.0 0.0
0.0 0.0
0.0 0.0
0.0 0.0
0.0 0.0
0.0 0.0
0.0 0.0
0.0 0.0
0.0 0.0
0.0 0.0
0.0 0.0
0.0 0.0
0.0 0.0
0.0 0.0
0.0 0.0
0.0 0.0
0.0 0.0
1.0 0.0
0.0 0.0
342.4 0.0
0.0 0.0
0.0 0.0
0.0 0.0
0.0 0.0
0.0 0.0
0.0 0.0
0.0 0.0
0.0 0.0
0.0 0.0
0.0 0.0
0.0 0.0
0.0 0.0
0.0 0.0
0.0 0.0
305.6 0.0
0.0 0.0
0.0 0.0
0.0 0.0
3.5 0.0
0.0 0.0
1.1 0.0
0.0 0.0
785.9 0.0
893.9 0.0
0.0 0.0
0.0 0.0
0.0 0.0
0.0 0.0
0.0 0.0
0.0 0.0
0.0 0.0
0.0 0.0
0.0 0.0
0.0 0.0
0.0 0.0
0.0 0.0
919.8 0.0
0.0 0.0
0.0 0.0
0.0 0.0
0.0 0.0
0.0 0.0
2.6 0.0
0.0 0.0
40.2 0.0
0.0 0.0
0.0 0.0
0.0 0.0
1368.2 0.0
0.0 0.0
0.0 0.0
0.0 0.0
2.9 0.0
0.0 0.0
0.0 0.0
0.0 0.0
0.0 0.0
0.0 0.0
0.0 0.0
0.0 0.0
0.0 0.0
0.0 0.0
305.2 0.0
70.2 0.0
1004.8 0.0
0.0 0.0
0.0 0.0
0.0 0.0
57.9 0.0
0.0 0.0
0.0 0.0
0.0 0.0
0.0 0.0
0.0 0.0
0.0 0.0
0.0 0.0
0.0 0.0
0.0 0.0
0.0 0.0
0.0 0.0
0.0 0.0
0.0 0.0
0.0 0.0
0.0 0.0
0.0 0.0
61.0 0.0
0.0 0.0
0.0 0.0
0.0 0.0
0.0 0.0
0.0 0.0
0.0 0.0
0.0 0.0
0.0 0.0
0.0 0.0
0.0 0.0
0.0 0.0
0.0 0.0
0.0 0.0
0.0 0.0
0.0 0.0
0.0 0.0
0.0 0.0
0.0 0.0
0.0 0.0
0.0 0.0
0.0 0.0
0.0 0.0
538.2 0.0
0.0 0.0
0.0 0.0
0.0 0.0
0.0 0.0
0.0 0.0
0.0 0.0
853.0 0.0
0.0 0.0
0.0 0.0
0.0 0.0
0.0 0.0
0.0 0.0
0.0 0.0
0.0 0.0
0.0 0.0
0.0 0.0
0.0 0.0
0.0 0.0
0.0 0.0
0.0 0.0
0.0 0.0
0.0 0.0
0.0 0.0
0.0 0.0
0.0 0.0
0.0 0.0
0.0 225.8
0.0 0.0
0.0 0.0
10140.4 0.0
852.2 0.0
1190.6 0.0
0.0 0.0
0.0 0.0
0.0 0.0
0.0 0.0
0.0 0.0
0.0 0.0
0.0 0.0
0.0 0.2
0.0 0.0
0.0 0.0
0.0 0.0
510.2 0.0
0.0 0.0
0.0 0.0
0.0 0.0
0.0 0.0
26.1 0.0
7.0 0.0
0.0 0.0
0.0 0.0
0.0 0.0
0.0 0.0
0.0 0.0
0.0 0.0
0.0 0.0
0.0 0.0
0.0 0.0
0.0 0.0
0.0 0.0
1485.6 0.0
1371.2 0.0
1.9 0.0
1371.2 0.0
0.0 0.0
6778.8 0.0
6779.1 0.0
0.0 0.0
0.0 0.0
0.0 0.0
0.0 0.0
0.1 0.0
0.0 0.0
0.0 0.0
0.0 0.0
0.0 0.0
46.6 0.0
0.0 0.0
0.0 0.0
0.0 0.0
0.0 0.0
0.0 0.0
0.0 0.0
0.0 0.0
0.0 0.0
0.0 0.0
0.0 0.0
0.0 0.0
0.0 0.0
0.0 0.0
0.0 0.0
60.5 0.0
0.0 0.0
0.0 0.0
0.0 0.0
0.0 0.0
0.0 0.0
0.0 0.0
0.0 0.0
0.0 0.0
0.0 0.0
0.0 0.0
0.0 0.0
0.0 0.0
0.0 0.0
0.0 0.0
0.0 0.0
0.0 0.0
0.0 0.0
0.0 0.0
0.0 0.0
21.9 0.0
0.0 0.0
0.0 0.0
0.0 0.0
0.0 0.0
0.0 0.0
0.0 0.0
0.0 0.0
0.0 0.0
0.0 0.0
0.0 0.0
0.0 0.0
0.0 0.0
0.0 0.0
0.0 0.0
0.0 3937.1
3645.7 0.0
0.0 0.0
0.0 0.0
0.0 0.0
0.0 0.0
0.0 0.0
0.0 0.0
0.0 0.0
0.0 0.0
0.0 0.0
0.0 0.0
26.7 0.0
423.5 0.0
0.0 0.0
291.3 0.0
0.0 0.0
0.0 0.0
0.0 0.0
0.0 0.0
0.0 0.0
0.0 0.0
0.0 0.0
0.0 0.0
0.0 0.0
0.0 0.0
765.7 0.0
0.0 0.0
0.0 0.0
0.0 0.0
0.0 0.0
0.0 0.0
0.0 0.0
0.0 0.0
14.1 0.0
0.0 0.0
447.7 0.0
0.0 0.0
0.0 0.0
1.5 0.0
0.0 0.0
0.0 0.0
0.0 0.0
0.0 0.0
12.7 0.0
2.6 0.0
0.0 0.0
0.0 0.0
0.0 0.0
0.0 0.0
0.0 0.0
0.0 0.0
0.0 0.0
0.0 0.0
0.0 0.0
0.0 0.0
0.0 0.0
0.0 0.0
0.0 0.0
0.0 0.0
0.0 0.0
76.6 0.0
0.0 0.0
0.0 0.0
0.0 0.0
0.0 0.0
0.0 0.0
66.6 0.0
0.0 0.0
0.0 0.0
0.0 0.0
0.0 0.0
0.0 0.0
0.0 0.6
0.0 0.0
0.0 0.0
45.0 0.8
0.0 0.0
11.2 0.0
0.0 0.0
0.0 0.0
0.0 0.0
0.0 0.0
0.0 0.0
0.0 0.0
407.0 0.0
0.0 0.0
339.1 0.0
0.0 0.0
0.0 0.9
0.0 0.0
0.0 0.0
45.2 0.0
0.0 0.0
0.0 0.0
0.0 0.0
0.0 0.0
0.0 0.0
0.0 0.0
0.0 0.0
0.0 0.0
0.0 0.0
0.0 1.4
63.3 0.0
0.0 0.0
0.0 0.0
0.0 0.0
31.0 0.0
0.0 0.0
36.1 0.0
0.0 0.0
0.0 0.0
0.0 0.0
0.0 0.0
0.0 0.0
0.0 0.0
0.0 0.0
0.0 0.0
0.0 0.0
0.0 0.0
0.0 0.0
0.0 0.0
0.0 0.0
16.2 0.0
0.0 0.0
0.0 0.0
0.0 0.0
0.0 0.0
0.0 0.0
0.0 0.0
0.0 0.0
0.0 0.0
0.0 0.0
0.0 0.0
0.0 0.0
0.0 0.0
0.0 0.0
0.0 0.0
0.0 0.0
0.0 0.0
0.0 0.0
0.0 0.0
0.0 0.0
0.0 0.0
0.0 0.0
0.0 0.0
0.0 0.0
0.0 0.0
0.0 0.0
0.0 0.0
0.0 0.0
0.0 0.0
0.0 0.0
0.0 0.0
0.0 0.0
0.0 0.0
0.0 0.0
0.0 0.0
0.0 0.0
0.0 0.0
0.0 0.0
0.0 0.0
0.0 0.0
0.0 0.4
0.0 0.0
0.0 0.3
0.0 0.0
0.0 0.0
0.0 0.0
0.0 0.0
0.0 0.0
0.0 0.0
0.0 0.0
0.0 0.0
0.0 0.0
0.0 0.0
0.0 0.1
0.0 0.0
0.0 0.0
0.0 0.0
0.0 0.0
0.0 0.0
0.0 0.0
0.0 0.0
0.0 0.0
0.0 0.0
0.0 0.0
0.0 0.0
0.0 0.0
0.0 0.0
0.0 0.0
0.0 0.0
0.0 0.0
0.0 0.0
0.0 0.0
0.0 0.0
0.0 0.0
0.0 0.0
654.4 0.0
0.0 0.0
0.0 0.0
0.0 0.1
0.0 0.0
0.0 0.0
1397.8 0.0
755.2 0.0
0.0 0.0
0.0 0.0
0.0 0.0
0.0 0.0
0.0 0.0
0.0 0.0
0.0 0.0
0.0 0.0
0.0 0.0
0.0 0.0
0.0 238.0
0.0 0.0
0.0 0.0
0.0 0.0
0.0 0.0
0.0 0.0
22.9 0.0
0.0 0.0
0.0 0.0
0.0 0.0
45.5 0.0
0.0 0.0
0.0 0.0
310.4 0.0
0.0 0.0
0.0 0.0
0.0 0.0
0.0 0.0
0.0 0.0
0.0 0.0
0.0 0.0
0.0 0.0
0.0 0.0
0.0 0.0
0.0 0.0
0.0 0.0
0.0 0.0
1383.2 0.0
1374.4 0.0
0.0 0.0
0.0 0.0
0.0 0.0
0.0 0.0
0.0 0.0
0.0 0.0
0.0 0.0
0.0 0.0
0.0 0.0
0.0 0.0
0.0 0.0
655.9 0.0
0.0 0.0
0.0 0.0
0.0 0.0
0.0 0.0
0.0 0.0
0.0 0.0
0.1 0.0
0.0 0.0
0.0 0.0
0.0 0.0
0.0 0.0
0.0 0.0
0.0 0.0
0.0 0.0
0.0 0.0
0.0 0.0
0.0 0.0
0.0 0.0
0.0 0.0
0.0 0.0
0.0 0.0
0.0 0.0
0.4 0.0
0.0 0.0
0.0 0.0
0.0 0.0
0.0 0.0
0.0 0.0
0.0 0.0
0.0 0.0
0.0 0.0
0.0 0.0
115.7 0.0
0.0 0.0
0.0 0.0
0.0 0.0
0.0 0.0
1004.0 0.0
0.0 0.0
407.8 0.0
0.0 0.0
0.0 0.0
0.0 0.0
0.0 0.0
0.0 0.0
0.0 0.0
0.0 0.0
3.9 0.0
0.0 0.0
0.0 0.0
0.0 0.0
465.7 0.0
0.0 0.0
0.0 0.0
0.0 0.8
0.0 0.0
0.0 0.0
0.0 0.0
0.0 0.0
0.0 0.0
0.0 0.0
0.0 0.0
0.0 0.2
51.6 0.0
0.3 0.0
0.0 0.0
0.0 0.0
0.0 0.0
0.0 0.0
0.0 0.0
0.0 0.0
0.0 0.0
0.0 0.0
0.0 0.0
0.0 0.0
0.0 0.0
0.0 3.6
0.0 0.0
0.0 0.0
0.0 0.0
0.0 0.0
0.0 0.0
0.0 0.0
0.0 0.0
0.0 0.0
1000.4 0.0
0.0 0.0
0.3 0.0
0.0 0.0
0.0 0.0
0.0 0.0
0.0 0.0
412.4 0.0
0.0 0.0
0.0 0.0
0.0 0.0
0.0 0.0
0.0 0.0
0.0 0.0
0.0 0.0
0.0 0.0
0.0 0.0
0.0 0.0
0.8 0.0
0.0 0.0
0.0 0.0
0.0 0.0
0.0 0.0
0.0 0.0
0.0 0.3
0.0 0.0
0.0 0.0
0.0 0.0
0.0 0.0
0.0 0.0
0.0 0.0
0.0 0.0
0.0 0.0
0.0 0.0
0.0 0.0
0.0 0.0
0.0 0.0
0.0 0.0
0.0 0.0
0.0 0.0
0.0 0.0
24.7 0.0
0.0 0.0
0.0 0.0
0.0 0.0
0.0 0.0
1003.3 0.0
0.0 0.0
0.0 0.0
0.0 0.0
0.0 0.0
0.0 0.0
0.0 0.0
0.0 0.0
0.0 0.0
0.0 0.0
0.0 0.0
0.0 0.0
0.0 0.0
0.0 0.0
0.0 0.0
0.0 0.0
0.0 0.0
0.0 0.0
0.0 0.0
0.0 0.0
0.0 0.0
0.0 0.0
0.0 0.0
0.0 0.0
0.0 0.0
0.0 0.0
0.0 0.0
0.0 0.0
0.1 0.0
0.2 0.0
0.0 0.0
0.0 0.0
0.0 0.0
0.0 0.0
0.0 0.0
0.0 0.0
0.0 0.0
0.0 0.0
1.2 0.0
0.0 0.0
0.0 0.0
0.0 0.0
0.0 0.0
2.2 0.0
0.0 0.0
873.9 0.0
0.0 0.0
0.0 0.0
0.0 0.0
0.0 0.0
0.0 0.0
342.6 0.0
0.0 0.0
0.0 0.0
388.0 0.0
345.7 0.0
0.0 0.0
46.4 0.0
0.0 0.0
0.0 0.0
0.0 0.0
0.0 0.0
0.0 0.0
0.0 0.0
0.0 0.0
0.0 0.0
325.4 0.0
0.0 0.0
346.9 0.0
0.0 0.0
0.0 0.0
0.0 0.0
0.0 0.0
0.0 0.0
394.8 0.0
0.0 0.0
0.0 0.0
0.0 0.0
0.0 0.0
0.0 0.0
0.0 0.0
23.0 0.0
0.0 0.0
0.0 0.0
0.0 0.0
0.0 0.0
0.0 0.0
0.0 0.0
17.7 0.0
0.0 0.0
0.0 0.0
0.0 0.0
40.2 0.0
0.0 0.0
0.0 0.0
0.2 0.0
0.0 0.0
0.0 0.0
0.0 0.2
0.0 0.0
0.0 0.0
0.0 0.0
764.3 0.0
0.0 0.0
0.0 0.0
0.0 0.0
0.0 0.3
0.0 0.0
0.0 0.0
0.0 0.0
0.0 0.0
0.0 0.0
0.0 0.0
0.0 0.0
0.0 0.0
0.0 0.0
0.0 0.0
0.0 0.0
0.0 0.0
0.0 0.1
6625.2 0.0
0.0 0.0
0.0 0.0
0.0 0.0
0.0 0.0
0.0 0.0
0.0 0.0
0.0 0.0
0.0 0.0
0.0 0.0
0.0 0.0
0.0 0.0
0.0 0.0
0.0 0.0
0.0 0.0
0.0 0.0
0.0 0.0
0.0 0.0
0.0 0.0
0.0 0.0
0.0 0.0
0.0 0.0
0.0 0.0
0.0 0.0
0.0 0.0
0.0 0.0
0.0 0.0
0.0 0.0
0.0 0.0
0.0 0.0
0.0 0.0
0.2 0.0
0.0 0.0
0.0 0.0
0.0 0.0
0.0 0.3
0.0 0.0
0.0 0.0
0.0 0.0
0.0 0.0
1.3 0.0
1067.8 0.0
1008.1 0.0
0.0 0.0
0.0 0.0
0.0 0.0
0.0 0.0
0.0 0.0
0.0 0.0
0.0 0.0
0.0 0.0
0.0 0.0
