12.8 0.0
4.1 0.1
127.6 0.1
0.0 0.1
68.0 0.0
42.7 0.0
141.5 0.1
206.9 0.1
7.7 0.0
0.0 0.0
26.3 0.0
32.6 0.1
52.0 0.0
55.3 0.0
265.0 14.9
266.3 0.0
346.2 0.0
24.4 1.6
24.9 1.5
25.9 0.3
23.9 0.3
24.5 10.4
8.8 0.0
25.4 1.5
24.5 3.5
10.4 3.7
25.1 0.2
24.5 3.9
23.3 8.4
25.3 0.1
33.2 0.0
25.3 1.4
26.3 0.9
25.4 6.4
25.7 2.9
33.5 3.2
47.7 0.2
24.9 0.3
25.7 0.4
24.9 0.1
23.5 0.2
8.9 0.0
55.3 0.0
235.8 1.6
233.3 4.5
278.3 0.0
124.4 3.2
140.9 0.0
56.9 2.4
145.7 4.0
54.9 1.1
67.5 0.1
70.3 4.7
69.1 0.0
70.7 0.0
64.0 3.1
234.2 5.6
24.0 0.8
121.5 5.3
232.2 8.4
228.8 4.3
232.6 3.3
233.1 3.9
236.3 4.2
234.1 7.0
231.8 6.9
234.7 6.8
211.8 4.1
25.4 0.1
24.7 0.4
24.2 2.7
25.3 10.1
23.5 4.6
26.2 8.8
9.0 6.0
10.1 5.6
51.2 2.0
259.1 0.1
23.9 0.5
50.7 0.5
52.4 1.2
275.1 0.1
290.6 14.6
278.8 17.2
182.6 1.7
396.1 2.0
383.5 0.9
384.2 2.0
394.6 0.7
182.0 0.0
219.3 6.3
250.3 0.3
296.0 6.9
184.3 8.6
393.3 0.0
0.1 43.0
33.2 0.0
4.2 0.1
4.4 0.0
8.0 0.0
19.3 0.0
8.7 0.0
2.8 0.0
12.6 0.1
24.9 10.8
260.0 0.0
262.4 0.0
42.3 0.0
33.2 0.0
0.0 0.0
0.0 0.0
201.8 0.0
198.2 0.0
0.0 0.0
0.0 0.0
0.0 0.0
0.0 0.0
194.7 0.0
195.4 0.0
194.2 0.0
197.9 0.0
266.5 0.0
38.7 0.0
2.9 0.0
27.4 0.2
43.5 0.0
34.3 0.1
192.6 0.0
204.0 0.0
234.3 2.8
231.0 1.2
231.8 6.9
54.3 4.8
280.0 0.1
54.2 2.4
55.1 1.5
220.3 1.8
53.2 0.0
261.7 0.2
268.0 8.6
231.2 3.5
276.5 14.0
276.0 14.5
25.1 10.9
220.5 0.0
286.3 12.4
54.6 6.2
22.3 0.4
22.3 0.0
266.6 1.5
262.5 0.1
267.5 0.2
31.8 0.0
32.0 2.4
45.0 0.0
27.3 0.5
261.4 1.0
310.2 2.9
284.3 0.1
261.1 3.1
263.5 0.2
268.1 4.3
263.5 0.1
269.0 1.6
285.9 5.9
269.9 0.2
261.1 1.0
262.1 0.0
262.0 0.0
262.9 0.1
258.8 0.3
277.0 0.0
269.0 0.0
275.3 17.3
267.1 1.0
262.2 0.1
271.4 10.5
266.2 14.5
261.4 10.6
263.0 0.0
261.5 0.0
262.9 0.0
265.8 0.1
266.9 14.2
267.0 13.8
265.1 4.0
258.2 0.1
272.7 5.3
276.3 17.5
275.6 12.1
276.9 18.2
266.8 9.3
20.9 1.1
262.7 10.7
262.2 14.0
270.9 14.3
282.8 2.7
264.9 6.3
266.4 6.2
260.5 1.6
267.5 4.3
308.6 0.2
269.9 0.1
264.5 6.7
264.0 14.1
268.0 10.2
266.5 13.7
269.7 7.5
267.9 9.5
269.1 9.8
266.0 9.1
264.9 17.9
264.9 1.5
263.0 0.1
262.0 0.7
263.7 8.8
265.1 7.5
269.3 15.0
243.4 11.4
257.1 10.1
285.8 16.9
273.5 7.7
205.3 6.1
203.4 11.8
3.1 0.0
204.6 0.2
203.0 14.2
193.3 13.9
190.9 0.3
262.3 0.1
259.5 1.7
269.0 0.1
263.6 0.1
24.3 10.4
274.4 0.1
265.4 0.0
233.6 1.1
234.3 7.0
54.1 17.5
276.0 0.0
52.4 2.1
54.8 2.0
51.2 0.1
52.5 4.3
231.8 8.2
230.9 6.1
185.2 2.0
30.0 13.5
25.9 10.3
51.7 2.1
55.2 4.1
52.8 5.0
188.1 3.2
54.7 0.1
185.5 0.0
0.0 0.0
10.1 0.1
199.1 3.7
199.1 6.2
199.0 4.3
263.1 0.1
264.5 0.0
264.8 0.0
218.5 4.8
51.0 0.4
56.4 5.8
52.7 4.5
53.9 3.1
50.6 0.1
231.8 5.4
230.6 5.1
232.9 5.2
229.5 2.7
232.3 5.4
185.9 8.0
219.2 4.8
219.2 0.1
320.2 6.0
244.9 3.1
240.4 8.4
52.2 2.5
52.5 0.0
55.9 0.0
231.6 5.1
232.4 5.2
233.8 5.9
233.1 5.4
240.0 7.3
25.7 13.9
25.9 10.5
24.5 1.2
24.1 0.3
23.4 0.0
24.3 0.0
25.9 1.1
24.5 1.8
24.9 5.3
25.6 0.5
26.7 3.9
26.4 0.1
24.6 1.0
25.7 0.2
24.1 0.1
25.3 2.1
23.5 10.9
24.9 10.0
24.1 0.2
24.5 14.5
24.7 0.2
26.3 10.7
23.3 0.2
24.8 2.2
24.2 8.7
23.0 10.9
25.2 11.5
40.6 0.7
40.4 0.0
24.1 3.4
37.9 2.0
0.0 0.0
23.3 0.2
25.3 0.2
345.5 0.0
24.0 11.0
8.8 0.1
8.7 0.0
232.4 0.0
231.9 0.0
236.2 0.1
232.1 0.0
234.4 2.1
54.0 1.2
52.5 0.9
53.3 0.7
52.7 0.0
233.4 5.2
245.3 14.0
231.5 5.8
185.5 7.1
235.8 7.3
243.4 10.5
234.0 7.1
233.2 6.8
0.0 0.0
0.0 0.0
0.0 0.0
232.5 6.9
0.0 0.0
218.8 3.0
230.6 0.0
279.2 11.9
275.9 10.7
8.3 0.0
32.6 0.0
23.2 0.1
26.5 10.5
24.2 0.3
136.3 0.2
135.6 3.6
119.8 4.3
122.8 7.1
24.1 11.0
42.3 0.0
130.6 0.0
284.1 7.0
283.1 3.5
273.5 3.4
272.1 6.0
39.5 0.7
0.0 0.0
204.1 0.0
25.1 10.7
23.4 0.5
24.8 13.4
24.0 10.1
0.0 5.3
0.0 47.5
25.0 15.4
24.5 10.6
8.9 0.0
23.4 0.3
24.4 13.6
24.5 11.0
44.5 1.4
23.0 10.6
27.9 2.8
38.1 1.6
9.2 0.1
25.9 10.7
25.6 10.4
24.9 10.2
24.8 14.2
0.1 0.0
0.0 0.0
24.6 10.6
24.2 11.0
0.0 0.0
25.8 10.3
343.3 0.0
24.9 10.9
24.8 10.7
8.7 0.0
24.4 10.6
23.8 5.0
38.9 0.0
4.1 0.0
24.5 12.0
24.6 11.6
9.0 0.1
25.1 10.4
24.3 10.9
44.1 0.0
129.9 0.0
24.3 10.2
24.3 10.5
192.7 0.0
204.0 0.0
35.3 0.0
37.8 0.0
25.2 10.1
24.3 10.5
8.3 0.0
6.7 0.0
9.4 0.9
7.9 0.0
23.7 10.9
24.3 10.6
25.3 15.1
10.4 0.0
25.8 10.7
24.5 10.9
10.1 0.1
0.0 0.0
25.1 10.2
25.2 11.0
32.9 11.2
35.5 13.9
119.5 0.0
19.4 0.0
33.4 14.0
47.7 10.5
353.5 0.0
8.7 0.1
22.4 0.0
262.9 0.0
266.0 0.0
24.2 0.5
25.3 10.8
25.3 9.9
8.3 0.0
346.4 0.0
27.0 11.4
254.8 5.4
262.5 0.0
24.9 14.2
24.9 10.2
23.9 0.3
10.2 0.5
24.2 10.3
24.5 10.4
24.6 10.6
25.3 14.1
25.0 11.1
23.2 10.2
203.4 0.0
0.0 0.0
39.9 0.0
140.1 0.6
43.9 0.1
200.1 0.0
193.0 0.0
36.9 0.1
31.4 0.0
25.2 10.2
25.6 10.3
25.0 10.3
25.1 10.9
9.0 0.0
25.0 11.1
25.3 10.8
8.7 0.1
257.2 0.0
261.3 0.0
31.6 0.0
34.6 0.0
25.6 11.1
25.0 11.0
24.9 10.7
24.7 13.7
0.0 47.5
0.0 18.2
32.7 0.0
258.4 0.5
261.1 0.0
261.5 9.4
261.5 0.0
25.1 11.0
25.9 10.9
38.2 0.0
38.5 0.0
8.2 0.0
25.0 10.1
25.2 10.8
9.2 0.0
346.9 0.0
24.9 11.0
24.7 14.1
9.0 0.1
25.2 10.8
24.8 10.5
44.8 0.0
25.0 10.4
25.0 14.8
204.4 0.0
0.0 0.0
23.2 0.3
25.3 10.1
24.9 10.5
345.0 0.0
188.5 0.0
198.7 0.0
25.3 10.6
25.0 12.1
9.2 0.0
32.0 0.1
269.4 0.0
24.7 10.3
24.1 14.2
9.0 0.1
41.7 0.0
10.1 0.0
8.6 0.0
24.7 13.6
24.7 10.6
24.8 10.3
24.7 14.3
71.5 0.0
24.5 14.0
24.5 11.8
233.3 4.6
232.6 6.1
231.2 6.9
23.6 0.1
34.5 0.0
25.0 10.2
25.4 10.2
196.1 0.0
197.5 0.0
8.5 0.0
347.5 0.1
44.3 0.0
43.6 0.0
24.7 14.3
25.0 10.6
264.3 0.0
188.9 0.0
0.0 0.0
32.6 0.0
10.5 0.1
261.1 0.5
257.7 0.0
2.7 0.0
25.2 10.8
24.5 11.3
41.7 0.0
25.5 10.6
25.8 10.3
193.5 0.0
204.1 0.0
8.3 0.0
8.6 0.0
27.0 10.7
28.7 10.9
161.0 0.0
3.3 0.0
25.0 13.8
25.1 14.1
10.4 0.0
232.0 5.4
233.7 6.8
232.4 2.1
52.5 0.7
262.8 0.0
54.3 0.0
53.0 1.2
231.2 8.8
232.2 5.8
255.2 12.6
398.1 1.4
398.7 6.3
397.6 0.1
395.3 1.2
257.6 8.6
381.6 3.5
24.5 14.3
23.8 14.8
358.4 0.0
0.0 0.1
24.2 9.0
0.0 4.0
25.3 0.6
230.6 18.0
218.7 17.1
54.1 0.0
54.5 0.0
53.7 17.8
233.2 2.1
232.7 5.1
233.3 5.3
233.5 5.5
233.3 5.2
234.3 5.3
184.4 13.9
182.9 8.3
8.9 0.1
24.8 10.9
24.6 13.6
38.4 0.0
26.3 10.2
26.6 10.5
234.1 3.7
229.1 2.1
231.9 0.0
276.5 0.1
56.6 4.4
51.2 0.9
52.8 0.5
56.1 4.7
230.7 0.1
219.2 3.7
217.2 7.1
218.3 12.7
278.9 16.6
261.7 18.2
385.0 8.5
400.3 5.9
390.3 4.6
398.6 5.7
404.1 3.3
384.2 1.4
183.8 0.1
182.5 17.3
283.8 15.2
265.3 0.1
230.8 12.2
234.0 0.0
338.4 0.0
327.7 5.4
338.7 0.1
219.2 0.0
230.7 0.0
53.1 0.2
53.1 0.0
52.9 17.3
52.1 0.2
53.9 0.1
217.4 12.4
178.4 14.3
231.0 5.5
233.3 5.1
231.2 5.4
233.1 5.5
233.0 4.3
233.5 5.4
54.9 16.7
226.3 0.5
230.6 0.4
24.8 6.2
224.2 0.3
245.7 0.3
25.5 11.0
25.2 10.8
40.9 0.8
29.4 3.5
31.6 0.9
31.4 8.4
46.1 8.5
32.5 8.7
40.4 3.2
44.5 4.5
31.0 4.6
30.8 9.3
40.1 14.8
45.3 8.0
50.3 16.4
583.4 8.9
41.4 4.2
492.0 7.1
361.1 7.0
433.0 5.4
426.5 6.3
172.8 7.0
195.9 4.9
0.0 0.2
411.3 10.2
255.8 13.9
23.7 0.5
189.9 0.6
409.5 5.5
243.6 13.7
256.5 0.8
249.6 2.2
389.0 8.4
427.0 8.9
161.6 9.1
162.0 14.2
10.4 8.7
10.4 8.7
10.2 6.9
173.6 11.5
389.4 0.1
162.9 8.6
163.5 9.3
181.5 11.0
31.5 4.1
37.7 8.5
31.7 3.5
35.0 6.8
29.5 8.3
255.3 4.3
405.4 8.5
169.8 1.8
176.0 14.1
36.1 2.8
622.8 1.2
194.1 0.6
189.8 1.4
534.7 10.9
324.4 20.6
29.7 10.7
37.7 18.0
38.4 7.0
28.9 10.6
29.4 5.8
38.6 5.4
39.2 6.3
9.3 8.2
200.8 8.5
284.4 1.0
281.2 0.7
271.7 0.1
272.0 5.9
265.2 13.8
269.8 0.1
271.6 0.3
287.4 9.9
284.6 6.7
225.3 0.1
252.0 0.5
281.8 20.6
410.2 22.2
430.2 0.0
188.7 2.0
188.3 4.4
192.9 5.9
192.0 4.9
188.4 2.9
189.2 7.7
356.3 0.1
290.6 0.0
262.0 0.0
390.6 5.4
299.2 11.1
0.0 0.5
456.3 10.3
209.3 3.7
203.1 5.2
158.6 13.8
327.1 8.7
325.7 0.0
337.0 4.3
325.8 4.1
325.0 4.7
286.3 2.3
287.8 2.2
285.2 1.4
285.5 6.0
285.3 3.5
284.7 1.1
217.4 4.6
215.3 15.2
222.3 5.6
233.6 0.0
224.0 0.2
286.3 9.4
226.1 0.0
0.0 0.0
215.1 3.2
326.7 4.4
218.6 4.4
221.4 5.3
218.6 5.3
219.3 3.7
220.1 0.0
283.4 4.6
214.5 14.4
218.9 13.5
282.7 15.6
229.6 0.0
228.8 0.0
295.8 7.3
286.6 5.4
287.0 7.2
218.8 5.6
285.0 8.6
0.0 0.0
0.0 0.0
0.0 0.0
0.0 0.0
0.0 0.0
0.0 0.0
442.7 11.5
305.5 9.8
336.3 2.9
0.0 0.0
181.5 2.6
176.6 0.0
296.7 0.1
337.6 10.3
298.1 0.0
177.8 10.5
307.1 14.4
151.2 14.2
323.5 12.2
335.4 5.9
282.0 14.3
27.8 13.7
281.7 0.1
50.1 12.5
263.1 11.3
280.3 10.8
270.1 10.3
9.0 10.4
260.6 13.6
276.0 0.0
344.4 0.0
9.5 1.1
0.0 0.0
149.6 0.0
42.0 0.0
47.1 0.2
262.6 0.0
264.7 0.0
43.6 0.0
36.0 0.0
24.3 1.5
24.5 10.1
24.8 11.1
24.3 0.4
8.6 0.0
233.5 12.8
232.5 8.7
54.0 1.7
56.1 0.2
55.3 0.5
52.7 0.1
56.5 0.0
54.7 0.0
55.4 0.0
54.2 0.0
231.5 0.0
233.7 2.4
233.0 0.0
231.2 0.0
214.3 8.6
214.7 3.6
217.8 6.3
223.6 2.6
217.7 8.5
52.2 16.5
264.3 4.8
264.7 10.5
262.7 8.6
275.7 0.0
261.9 0.0
181.8 0.0
183.9 16.3
61.2 0.1
59.2 10.1
185.0 14.5
182.9 8.2
183.7 0.0
194.5 0.0
236.8 0.0
235.0 0.0
230.6 0.0
230.1 0.0
232.2 0.0
234.0 0.0
229.6 0.0
231.4 0.1
231.2 0.0
235.3 0.0
232.8 0.0
230.8 0.0
232.1 0.0
233.4 1.6
230.7 7.1
54.4 1.3
55.4 4.8
234.5 7.1
232.9 5.5
231.4 5.3
230.1 4.3
230.2 8.3
452.0 0.1
483.8 3.8
594.1 0.1
25.3 0.2
24.0 15.8
24.4 10.6
284.4 14.3
264.8 6.0
8.8 0.3
0.0 0.0
4.2 0.0
22.8 0.1
509.7 0.0
373.1 0.0
187.7 10.7
321.6 14.3
24.0 15.1
24.2 15.1
0.0 0.0
265.4 0.1
0.0 0.0
0.0 0.0
0.1 41.8
44.0 0.0
13.2 0.1
24.4 14.1
24.9 10.5
22.1 0.0
19.9 0.0
8.9 0.0
32.3 0.0
8.5 0.0
35.4 0.0
383.0 0.0
345.0 0.0
341.4 0.0
337.7 0.0
308.4 0.1
346.0 0.1
8.2 0.0
8.3 0.0
212.8 0.1
8.8 0.0
10.1 0.1
221.3 0.1
234.0 0.0
249.3 0.0
186.0 0.0
177.9 0.0
198.3 0.0
212.3 0.0
199.9 0.0
200.7 0.0
198.0 0.1
9.2 0.0
24.9 11.0
24.7 14.6
8.6 0.0
0.0 69.3
24.4 10.8
24.4 14.2
9.1 0.1
8.9 0.0
379.9 0.0
208.6 0.0
31.1 0.0
350.0 0.0
344.9 0.0
213.5 0.0
318.0 0.0
8.4 0.0
178.7 0.0
138.6 0.0
352.8 0.0
344.2 0.0
8.6 0.1
3.9 0.1
195.4 0.0
8.9 0.0
10.0 0.1
25.1 13.7
25.4 14.9
31.7 14.0
29.7 13.6
27.2 14.0
26.6 14.0
27.3 14.0
27.1 10.8
11.2 0.0
28.1 15.9
28.8 13.7
10.8 0.1
3.4 0.0
24.1 14.4
24.7 11.0
416.8 0.1
297.3 0.0
316.4 0.6
231.8 0.0
45.0 0.0
133.7 0.0
25.1 14.4
26.3 14.3
206.3 0.0
197.5 0.0
23.5 0.4
25.2 10.3
24.7 13.8
8.2 0.0
8.9 0.0
8.5 0.0
9.3 0.0
27.8 13.8
28.1 13.8
8.6 0.1
210.9 0.0
28.7 0.0
24.5 11.0
24.4 10.9
0.0 0.0
9.1 0.1
24.8 10.9
24.4 10.8
24.1 14.6
23.9 14.6
3.5 0.0
24.3 11.0
24.4 10.1
36.4 0.0
31.6 0.0
24.6 10.4
24.8 10.3
9.1 0.0
33.7 11.1
24.3 14.8
8.5 0.2
8.1 0.0
127.8 15.2
140.0 15.4
232.9 0.0
168.0 0.0
24.0 14.1
23.9 14.1
0.0 0.0
240.4 0.0
9.0 0.0
24.5 10.2
24.2 13.6
25.8 10.6
26.0 10.5
38.4 0.0
9.1 0.0
25.0 10.6
25.6 10.7
9.8 0.1
25.4 10.7
26.1 10.5
27.4 10.3
27.7 10.4
26.4 15.2
26.5 11.4
392.4 0.0
395.1 0.0
408.8 0.0
389.6 0.0
140.6 0.1
0.0 2.5
306.5 0.0
23.5 4.9
25.0 12.1
24.6 11.5
8.4 0.0
295.8 0.0
307.9 0.0
0.0 0.0
22.3 0.0
44.5 0.0
201.5 0.0
23.5 3.4
24.8 14.6
25.0 14.4
8.7 0.1
23.1 0.1
2.6 0.0
225.2 0.0
106.7 14.5
106.1 14.3
215.9 0.1
2.6 0.1
24.8 15.2
24.7 13.7
290.3 0.0
25.2 14.6
25.4 11.3
24.3 11.1
24.3 10.9
8.6 0.0
24.2 11.1
24.7 11.1
11.3 0.1
24.4 10.1
23.9 10.1
24.0 10.5
24.3 10.6
10.6 0.1
24.7 10.6
24.1 13.8
50.8 11.1
56.8 14.2
33.2 0.0
9.2 0.0
24.1 10.3
24.4 10.5
10.3 0.2
145.9 0.0
45.5 0.0
8.7 0.0
252.9 0.1
64.4 14.0
64.3 14.0
233.9 0.0
34.1 0.1
33.6 0.0
24.4 10.3
23.9 10.2
38.3 0.1
23.9 0.2
28.0 10.8
24.7 11.2
269.7 0.0
0.0 28.2
0.0 0.0
24.4 10.9
28.4 14.4
8.7 0.0
26.8 14.3
27.0 10.9
9.9 0.1
192.6 0.0
219.7 0.0
8.6 0.0
8.7 0.0
25.9 14.7
29.0 11.3
27.9 11.0
28.0 11.1
207.1 0.1
295.9 0.0
24.7 14.5
24.5 14.4
24.2 10.9
24.3 14.3
8.4 0.0
187.2 0.0
257.1 0.0
195.6 0.0
109.2 0.0
108.8 0.0
108.7 0.0
114.2 0.0
181.1 0.0
118.2 0.0
109.1 0.0
108.6 0.0
108.6 0.0
210.0 0.1
109.5 0.0
117.9 0.0
109.2 0.0
112.9 0.0
108.8 0.0
2.0 0.0
2.3 0.0
2.2 0.0
2.0 0.0
110.4 0.0
24.3 13.8
24.2 15.1
9.4 0.1
324.5 7.0
66.7 14.9
65.5 14.7
341.0 0.0
29.7 11.4
30.5 14.1
33.3 0.1
141.2 0.0
27.1 10.6
27.3 10.5
3.2 0.0
274.6 0.0
24.4 14.4
24.5 10.9
8.6 0.1
25.2 14.6
25.5 14.6
10.0 0.1
24.4 10.2
24.2 14.7
24.8 14.7
25.4 10.4
257.0 0.1
279.7 0.0
24.3 14.5
24.2 10.4
10.3 0.1
23.6 0.2
24.6 13.6
24.6 10.3
46.0 0.0
8.6 0.2
34.5 0.1
22.7 0.0
307.0 0.0
356.4 0.0
221.9 0.0
23.7 0.4
24.6 10.2
24.3 10.5
183.3 0.0
10.3 0.1
24.3 0.2
311.0 0.0
326.6 0.0
63.8 14.1
63.4 13.8
28.1 11.2
28.0 14.9
27.4 11.1
28.9 14.7
0.1 0.0
283.9 0.1
244.6 0.0
0.0 19.1
27.5 10.9
26.6 10.3
13.9 0.0
26.5 10.4
27.1 10.4
9.3 0.1
44.4 0.0
309.0 0.0
24.4 10.5
24.3 10.7
24.6 10.6
24.5 11.1
43.4 0.1
0.1 56.2
181.0 0.0
47.6 2.7
0.1 4.3
24.7 11.0
24.5 11.1
28.1 14.8
29.1 11.1
2.6 0.0
34.6 0.0
27.5 0.0
52.3 0.0
38.6 0.0
26.4 0.0
299.6 0.0
438.0 0.0
314.0 0.0
284.9 0.0
0.0 0.0
234.9 0.0
245.9 0.0
238.4 0.0
252.8 0.0
60.6 0.0
128.5 0.0
76.5 0.0
69.6 0.0
71.9 0.0
64.0 0.0
69.9 0.0
61.8 0.0
322.8 0.0
303.7 0.0
345.4 0.0
434.9 0.0
429.6 0.0
427.3 0.1
427.3 0.1
389.8 0.0
389.1 0.0
347.1 0.0
331.4 0.1
323.3 0.8
341.0 0.0
319.1 0.1
320.1 0.1
319.6 0.1
318.6 0.1
316.0 0.1
329.2 0.0
327.2 0.0
365.1 0.0
324.3 0.1
260.6 0.0
363.1 0.0
34.1 0.0
32.6 0.0
274.7 0.4
276.2 0.0
24.3 3.1
23.5 4.4
41.5 0.0
268.2 0.0
229.5 0.0
231.7 0.0
230.8 0.0
234.2 0.0
245.2 0.0
245.4 0.0
256.5 0.0
257.4 0.0
241.8 0.0
240.7 0.0
288.3 0.0
282.3 0.2
200.7 0.0
324.3 0.0
237.4 0.0
237.1 0.0
234.5 0.0
234.3 0.0
251.3 0.0
29.0 15.3
29.1 10.4
234.7 0.0
231.2 0.1
9.5 0.0
214.2 0.0
265.3 0.0
273.4 0.0
418.1 69.0
51.1 0.0
264.4 0.1
422.9 0.0
200.4 0.0
8.5 0.0
249.7 0.0
230.2 0.0
261.4 0.0
439.2 0.1
332.1 0.0
300.9 0.0
433.8 0.0
541.8 0.0
111.0 0.1
99.0 0.0
332.0 20.0
302.5 0.0
0.0 0.0
247.3 0.0
219.9 0.2
252.5 0.0
257.5 0.0
272.5 0.0
227.4 0.0
275.9 0.0
200.8 0.0
199.1 0.0
48.2 0.0
201.4 0.0
214.6 0.0
270.5 0.0
265.0 2.3
47.0 0.0
8.7 0.1
204.7 0.0
205.6 0.0
8.3 0.0
395.6 0.0
201.7 0.0
227.1 0.0
309.9 0.0
322.6 0.0
199.6 0.1
32.5 0.0
207.6 0.0
293.9 0.0
358.0 0.0
203.9 0.0
230.6 0.0
355.8 0.0
304.9 0.0
28.8 14.2
28.1 14.1
35.0 0.0
27.4 11.0
27.1 13.4
42.3 0.1
204.6 0.0
211.9 0.0
43.9 0.0
187.5 0.1
276.0 0.0
23.6 0.1
25.0 10.5
25.0 10.6
42.7 0.0
242.5 0.0
9.1 0.0
28.3 0.0
3.5 0.0
285.1 0.0
294.3 0.0
348.3 0.0
38.0 0.0
184.9 0.0
177.8 0.0
220.6 0.0
38.2 0.0
287.4 0.0
292.8 0.0
337.3 0.0
349.9 0.0
2.5 0.0
26.6 0.0
26.3 0.0
27.5 0.0
178.7 0.0
35.9 0.0
3.3 0.0
25.7 0.0
26.9 0.0
223.8 0.0
226.1 0.0
45.2 0.0
343.1 0.0
375.6 0.0
118.2 0.0
115.8 0.0
109.4 0.0
120.7 0.0
182.1 0.1
109.9 0.0
133.4 0.0
109.2 0.0
109.1 0.0
43.4 0.0
109.6 0.0
42.3 0.0
0.0 0.0
264.4 0.0
220.0 0.0
26.6 11.0
26.6 13.5
9.5 0.0
0.2 4.7
270.2 0.0
242.8 0.0
194.8 0.0
255.9 0.0
0.0 0.0
49.0 0.0
43.6 0.0
42.2 0.0
284.4 0.0
282.9 0.0
35.7 0.0
44.4 0.0
25.9 13.6
26.1 10.1
0.0 0.0
0.0 0.0
279.1 0.0
0.0 0.0
194.9 0.0
255.5 0.0
33.1 0.0
12.1 0.1
42.5 0.0
45.1 0.0
42.7 0.1
44.8 0.0
295.0 0.0
333.8 0.0
41.8 0.0
44.3 0.0
36.3 0.0
33.1 0.0
127.7 0.0
27.0 10.5
26.8 10.5
41.7 0.1
42.7 0.0
275.2 0.2
264.0 0.0
26.8 10.7
26.7 10.9
41.9 0.0
243.3 0.0
246.8 0.0
234.5 0.0
41.4 0.0
24.5 1.7
24.7 0.0
23.8 0.6
25.0 3.2
27.0 10.8
26.9 2.2
26.1 0.6
25.1 3.3
26.2 5.3
25.2 0.3
26.5 1.3
26.2 5.4
26.5 0.9
29.6 0.3
25.3 3.9
25.7 1.3
10.2 0.2
13.3 1.5
27.5 11.0
25.1 1.2
23.8 10.7
23.8 0.2
8.3 2.2
9.4 1.3
38.3 0.0
8.6 0.0
23.6 0.1
50.3 0.0
33.8 0.0
33.7 0.0
33.2 0.0
33.9 0.0
269.9 0.1
269.9 0.0
265.2 0.0
313.3 0.0
313.3 0.0
290.1 0.0
44.8 0.0
44.5 0.1
257.9 0.0
263.0 0.0
243.5 0.0
24.6 10.3
292.1 3.6
203.0 0.0
316.4 5.9
44.3 0.0
10.6 14.5
254.6 0.0
30.7 10.8
41.9 0.0
42.4 0.0
38.3 0.0
34.9 0.0
33.9 0.0
295.7 0.0
338.8 0.0
44.6 0.0
42.4 0.0
32.5 0.0
25.4 10.6
23.1 0.1
274.2 9.6
309.9 0.0
35.5 0.0
32.7 0.0
0.0 15.4
24.3 10.6
0.0 3.6
268.1 0.0
286.3 0.0
228.3 0.0
200.7 0.1
251.1 0.0
25.3 14.3
25.3 14.3
8.8 0.0
269.6 0.1
303.4 0.0
25.6 14.6
26.0 10.8
25.9 5.7
24.1 0.4
8.7 0.1
10.0 0.0
272.4 0.0
28.7 10.5
28.2 14.1
24.6 11.4
25.1 11.0
8.8 0.0
8.5 0.0
358.3 0.1
360.4 0.1
356.1 0.0
416.9 0.0
337.5 0.0
341.7 0.0
339.6 0.0
8.8 0.0
25.2 0.2
24.6 10.4
26.0 10.9
0.0 0.0
41.5 0.0
129.8 0.0
41.4 0.0
44.2 0.0
0.0 0.0
0.0 0.0
82.3 0.1
79.6 0.2
15.9 0.0
16.1 0.0
52.1 0.0
80.0 0.1
74.6 0.1
83.5 0.7
91.8 0.8
2.2 0.2
48.4 0.0
36.8 0.0
36.9 0.0
31.4 0.0
3.8 0.0
37.1 3.2
2.7 0.0
31.6 0.0
37.6 1.3
31.6 0.0
36.6 0.0
37.8 0.2
31.5 0.0
37.6 0.0
31.4 0.0
3.1 0.0
37.6 0.0
275.2 0.4
255.1 0.0
37.0 0.0
148.7 0.0
35.6 0.0
3.4 0.0
23.1 0.4
24.8 10.2
24.5 10.4
9.2 0.0
32.3 0.0
44.2 0.0
23.7 0.2
25.7 11.2
25.0 14.0
282.1 0.1
336.0 0.0
22.7 0.0
8.6 0.2
33.6 0.0
132.1 0.0
37.5 0.0
31.6 2.1
36.9 0.0
3.3 0.0
31.4 0.0
23.3 0.1
24.3 11.1
24.6 11.0
24.6 11.0
25.0 11.0
0.0 0.0
0.1 17.9
17.9 0.0
0.0 0.0
272.6 0.0
298.8 0.0
43.7 0.0
24.3 10.9
24.0 11.0
375.4 0.0
343.4 0.0
345.4 0.0
346.7 0.0
8.0 0.0
381.5 0.4
29.8 0.0
308.8 0.0
41.9 0.0
291.5 0.1
44.4 0.0
32.5 0.0
32.8 0.0
32.7 0.0
257.4 0.0
257.7 0.0
260.2 0.0
263.8 0.0
300.2 0.0
0.0 0.0
257.9 0.0
263.1 0.0
24.3 14.7
24.4 10.8
296.3 0.0
263.4 0.0
42.0 0.0
37.0 0.0
360.1 0.0
431.8 0.0
10.2 0.0
164.9 0.0
25.2 10.7
24.7 14.1
9.1 0.0
9.5 0.1
34.9 0.1
34.9 0.0
24.4 14.1
24.4 11.1
258.5 0.0
259.5 0.0
24.3 14.8
24.4 11.2
39.2 0.0
39.0 0.0
37.5 0.0
42.5 0.1
24.6 11.2
24.3 11.1
24.2 7.0
25.1 0.5
219.0 0.0
28.4 0.4
203.2 0.0
45.3 0.0
292.5 0.0
31.5 0.1
36.7 0.0
36.2 0.1
32.6 0.0
31.4 0.0
31.6 0.0
136.6 0.0
128.2 0.0
4.6 0.0
24.0 10.7
23.8 14.1
8.8 0.0
41.9 0.0
22.7 0.2
323.1 0.0
365.9 0.0
343.1 0.0
25.1 10.9
24.7 10.9
8.3 0.0
349.6 0.0
346.8 0.0
369.8 0.0
447.0 0.0
10.6 0.1
24.8 10.3
24.4 10.3
9.6 0.0
33.1 0.0
44.3 0.0
38.3 0.0
23.7 0.2
37.9 0.1
38.5 0.0
37.8 0.1
134.5 0.0
127.1 0.0
2.8 0.0
35.7 0.0
24.9 10.6
24.5 14.5
39.4 0.2
31.2 0.0
37.3 2.4
37.4 0.0
140.3 0.1
39.8 0.0
191.7 0.0
295.3 0.0
23.7 0.2
23.9 10.5
24.1 10.8
239.9 0.0
208.9 0.0
23.9 10.4
23.9 10.4
26.9 10.5
26.4 10.6
54.3 0.0
46.5 0.0
37.0 0.1
34.6 0.0
8.9 0.1
188.7 0.0
191.5 0.0
9.8 0.0
9.0 0.0
270.4 0.0
313.5 0.0
24.0 13.5
24.3 10.2
24.2 13.8
24.1 13.9
227.0 0.0
194.6 0.0
249.8 0.0
28.1 0.1
9.8 0.0
9.3 0.0
9.4 0.0
199.3 0.0
9.4 0.0
9.3 0.0
9.6 0.0
25.0 11.2
25.4 11.2
336.0 0.0
331.7 0.0
191.5 0.1
197.2 0.0
186.0 0.1
198.9 0.0
218.0 0.0
209.0 0.0
231.8 0.0
231.7 0.0
24.7 10.6
24.7 14.8
9.0 0.0
24.6 5.3
23.8 0.3
233.2 0.1
210.4 0.0
24.2 14.9
24.2 15.0
37.1 0.0
30.9 0.0
31.4 0.0
151.6 0.0
131.0 0.0
3.0 0.0
8.6 0.1
24.5 14.0
24.6 14.0
9.9 0.0
8.8 0.0
24.7 15.2
24.2 15.2
23.9 14.2
23.8 15.3
167.0 0.1
123.4 0.1
123.6 0.0
135.5 0.0
2.6 0.0
23.7 0.3
46.7 0.1
22.4 0.2
266.7 0.0
304.4 0.0
24.8 14.2
24.4 14.2
0.0 0.0
200.6 0.0
24.0 10.3
24.3 13.7
8.7 0.2
24.3 14.5
24.3 10.5
0.0 0.0
141.2 0.0
45.0 0.1
24.3 11.0
24.3 10.4
10.5 0.0
24.3 11.3
25.0 11.3
8.8 0.0
23.4 0.2
245.6 0.0
174.5 0.0
8.5 0.1
23.4 0.2
24.7 10.9
24.6 14.5
25.7 0.2
9.0 0.0
25.5 0.1
24.2 14.1
23.9 10.6
23.0 0.0
8.8 0.0
31.3 0.0
19.8 0.0
293.6 0.0
357.6 0.0
351.5 0.0
221.8 0.0
8.5 0.1
200.7 0.0
12.2 0.1
15.5 0.0
265.3 0.0
265.8 0.0
0.0 5.0
22.9 0.3
24.5 14.1
24.7 10.6
0.0 0.0
44.5 0.1
262.0 0.0
301.6 0.0
24.6 14.7
24.3 14.7
32.6 0.0
34.2 0.1
24.7 11.1
24.2 14.8
8.7 0.0
24.6 14.1
24.4 10.6
210.5 0.0
207.4 0.0
23.1 4.6
274.9 7.2
263.1 0.0
38.7 0.0
38.4 0.1
3.1 0.0
24.8 13.8
24.5 13.9
23.4 0.2
9.0 0.1
24.2 14.4
24.8 10.8
25.5 10.9
25.4 14.5
0.0 0.0
27.9 14.8
28.1 11.0
8.6 0.0
244.0 0.0
224.5 0.0
72.6 0.1
143.9 0.0
24.6 15.1
24.8 11.3
23.1 0.2
24.1 14.7
24.5 11.0
24.5 0.1
8.8 0.1
183.2 0.2
154.9 0.4
125.1 10.8
170.0 4.2
24.3 13.5
24.5 13.5
32.7 0.0
0.0 0.0
156.0 0.0
389.6 0.1
399.6 0.0
339.6 0.0
25.0 11.1
24.9 14.6
23.6 0.4
24.6 14.6
24.2 14.8
8.7 0.0
10.4 0.0
24.7 14.3
25.7 14.7
261.2 0.1
205.4 0.0
38.4 0.0
3.0 0.0
24.9 14.8
25.1 14.8
8.8 0.1
25.2 14.4
24.3 14.5
24.7 14.4
25.1 14.4
23.7 0.5
23.9 0.4
8.5 0.0
24.6 14.7
24.3 14.6
315.0 0.0
312.7 0.0
314.3 0.0
387.8 0.0
33.9 0.0
24.4 14.0
24.6 14.0
24.9 10.6
24.5 14.2
8.5 0.1
25.0 10.9
24.6 14.4
24.2 10.9
24.9 10.9
276.7 0.6
279.5 0.0
23.0 0.2
42.5 0.0
307.3 0.0
32.3 0.0
8.8 0.0
24.3 14.6
24.6 11.0
24.8 10.4
24.8 13.7
286.2 0.0
207.6 0.0
24.5 14.5
24.5 14.5
8.6 0.1
24.6 14.2
24.0 14.1
24.4 14.8
24.2 14.9
23.4 0.4
23.3 0.2
8.6 0.0
24.1 14.3
24.0 13.6
325.8 0.0
325.1 0.0
23.3 0.5
23.7 2.6
8.6 0.0
24.3 13.6
24.5 10.2
8.4 0.0
22.7 0.1
23.9 0.3
24.3 14.8
24.7 14.8
9.1 0.0
22.6 0.1
301.0 0.0
309.8 0.0
24.8 13.9
25.1 10.5
25.1 14.1
24.8 14.1
8.1 0.0
24.6 15.4
24.6 11.6
38.4 0.0
32.1 0.0
201.6 0.0
38.1 0.2
273.3 0.0
259.9 0.0
24.5 11.1
23.9 14.0
284.5 0.0
276.6 0.0
43.6 0.1
382.8 0.1
281.7 0.0
35.5 0.0
266.3 0.0
269.1 0.1
260.8 0.0
262.6 0.0
39.2 0.0
293.7 0.0
290.8 0.0
290.5 0.0
296.6 0.0
289.6 0.0
0.0 0.0
0.0 0.0
328.8 0.0
0.0 0.0
327.2 0.0
40.9 0.1
19.6 0.0
283.4 5.1
279.3 0.0
291.4 0.0
288.2 0.0
261.1 0.0
287.9 0.0
305.3 0.0
286.7 0.0
22.5 0.0
19.2 0.0
289.6 0.1
299.8 0.0
301.1 0.0
284.9 0.0
35.1 0.0
0.0 0.0
292.3 0.0
35.0 0.1
23.3 3.8
23.1 0.1
24.4 10.8
26.7 10.2
398.8 0.1
372.9 0.0
10.4 0.1
393.4 0.0
380.5 0.0
412.8 0.0
8.9 0.0
354.9 0.1
398.7 0.0
258.4 0.9
300.7 10.6
24.6 14.4
24.2 10.9
24.6 11.3
24.7 11.1
319.4 2.2
442.2 0.0
334.8 0.1
25.1 14.1
24.9 13.5
314.1 0.0
309.9 0.0
8.9 0.0
379.8 0.0
413.2 0.0
0.0 3.1
24.3 14.9
24.5 14.3
0.0 0.0
42.1 0.0
25.0 0.2
190.5 0.0
24.9 10.5
24.6 14.0
8.6 0.0
24.7 10.4
24.6 14.6
42.8 0.0
24.4 14.6
24.5 14.0
23.9 0.2
42.0 0.0
290.3 0.1
301.2 0.0
8.8 0.0
24.3 14.4
24.2 14.9
24.3 0.3
10.4 0.0
24.6 14.3
24.1 13.6
243.8 0.1
0.0 0.0
24.4 15.0
24.4 15.0
8.6 0.1
225.2 0.0
8.9 0.0
8.5 0.0
24.8 13.4
24.6 10.2
24.6 10.4
23.9 13.7
277.9 0.2
281.8 11.2
191.9 0.0
209.2 0.0
23.7 1.8
8.3 0.1
24.9 11.0
24.5 14.7
307.2 0.0
302.3 0.0
24.8 14.4
24.2 10.8
153.8 0.0
32.6 0.1
25.4 4.3
23.8 0.1
241.4 0.0
230.1 0.0
231.0 0.0
253.6 0.0
236.2 0.0
26.7 13.6
36.5 13.7
8.6 0.1
17.4 0.0
0.0 0.0
231.9 0.0
0.1 2.4
103.6 0.0
0.1 3.6
24.8 10.2
24.1 14.5
38.5 0.0
25.2 10.5
24.4 14.0
196.2 0.0
197.9 0.0
9.2 0.0
25.1 14.4
25.3 10.8
3.3 0.0
23.1 0.3
25.8 13.9
31.1 10.4
26.2 4.7
25.0 0.6
32.6 0.1
298.6 0.0
0.0 0.0
23.9 0.2
0.0 0.0
25.7 11.0
25.5 14.6
9.4 0.2
24.3 13.6
24.2 13.6
25.7 11.4
24.7 15.1
